4482 4079
4482 2833
4482 179
4079 4292
4079 3175
4079 3425
4079 2235
4079 2713
4079 476
4079 5079
4079 2189
4079 4957
4079 5403
4079 3143
4079 4542
4079 486
4079 3452
4079 2525
4079 1821
4079 426
4079 4523
4079 2418
4079 1000
4079 5369
4079 1916
4079 2585
4079 5192
4079 2081
4079 4497
4079 4530
4079 652
4079 5225
4079 4226
4079 1996
4079 4653
4079 2945
4079 215
4079 546
4079 3149
4079 939
4079 2253
4079 77
4079 578
4079 3312
4079 4422
4079 3964
4079 4264
4079 3510
4079 3611
4079 1317
4079 2282
4079 1079
4079 325
4079 4879
4079 1512
4079 2251
4079 5438
4079 3022
4079 4564
4079 2117
4079 2046
4079 2370
4079 1609
4079 4816
4079 2683
4079 345
4079 590
4079 5454
4079 3540
4079 4623
4079 2999
4079 279
4079 605
4079 4267
4079 2504
4079 2666
4079 4426
4079 3350
4079 645
4079 4132
4079 4861
4079 5297
4079 4838
179 1808
179 1098
179 3796
3371 1086
3371 2780
3371 1087
3371 737
3371 4849
3371 4735
3371 4146
3371 3192
3371 4170
3371 1615
1086 258
1086 5291
1086 3626
1086 412
1086 4732
1086 4718
1086 4947
1086 4291
1086 1758
1086 3207
1086 1738
1086 237
1086 3976
1086 4034
1086 4385
1086 1038
1086 4919
1086 2938
1086 1066
1086 1743
1086 3821
1086 1678
1086 4138
1086 4246
1086 3367
2780 4432
2780 261
2780 4165
2780 2975
2780 5442
2780 2542
2780 4038
2780 3298
2780 1900
2780 4354
2780 1435
2780 1977
2780 2682
2780 5493
2780 574
2780 3270
2780 2919
2780 4010
2780 5123
2780 1068
2780 3812
2780 208
2780 3445
2780 1657
2780 1565
2780 4047
2780 3286
2780 487
2780 4606
2780 3880
2780 3847
2780 2805
2780 5371
2780 2543
2780 463
2780 5056
2780 3176
2780 2622
2780 3361
2780 3829
2780 2736
2780 632
2780 318
2780 199
2780 2783
2780 2257
2780 614
2780 685
2780 4434
2780 3155
2780 1129
2780 1489
2780 3888
2780 1179
2780 3652
2780 5400
2780 4866
2780 2279
2780 4871
2780 3235
2780 3056
2780 544
2780 4423
2780 896
2780 2588
2780 3660
2780 236
2780 4039
2780 4122
2780 5474
2780 3636
2780 1355
2780 317
2780 1540
2780 2602
2780 1082
2780 780
2780 498
2780 5276
2780 2208
2780 3487
2780 2401
2780 3532
2780 1936
2780 2098
2780 447
2780 2448
2780 3277
2780 13
2780 4488
2780 5093
2780 1027
2780 2914
2780 1528
2780 288
2780 5299
2780 2963
2780 2699
2780 1801
2780 4694
1087 4340
1087 665
1087 1630
1087 178
737 2012
737 5118
737 1306
737 2658
737 4403
737 141
737 658
737 1091
737 3464
737 2581
737 3947
737 5098
737 1896
737 4686
737 2915
737 1398
737 354
737 694
737 3241
737 347
737 3399
737 5277
737 1319
737 3824
737 2950
737 1421
737 553
737 2207
737 2630
737 1702
737 4648
737 5428
737 1296
737 3165
737 1077
737 730
737 3673
737 1832
737 2856
737 1058
737 1880
737 963
737 2960
737 3640
737 5275
737 4553
737 190
737 4805
737 538
737 3754
737 613
737 3351
737 4885
737 1334
737 1012
737 504
737 5047
737 1305
737 3511
737 5346
737 3299
737 1961
737 1342
737 1958
737 4210
737 3341
737 3040
737 790
737 618
737 3608
737 4676
737 4421
737 2576
737 495
737 4753
737 1145
737 3795
737 1001
737 2832
737 5138
737 373
737 4974
737 507
737 3325
737 1693
737 564
737 3401
737 300
737 4937
737 3832
737 748
737 1351
737 1233
737 4757
737 608
737 2670
737 1781
737 3408
737 747
737 668
4849 2645
4849 1297
4849 2593
4849 4257
4849 3443
4849 738
4849 5301
4849 3624
4849 3988
4849 424
4849 2877
4849 4272
4849 1328
4849 3878
4849 43
4849 878
4849 12
4849 2417
4849 1375
4849 592
4849 3662
4849 1232
4849 4878
4849 4411
4849 4402
4849 2795
4849 1638
4849 423
4849 648
4849 2718
4849 3682
4849 3750
4849 1387
4849 2020
4849 5101
4849 2058
4849 3711
4849 795
4849 3264
4849 4639
4849 5109
4849 569
4849 3531
4849 3575
4849 5057
4849 299
4849 1770
4849 3784
4849 4803
4849 120
4849 467
4849 4126
4849 4809
4849 3688
4849 3219
4849 1242
4849 2269
4849 889
4849 1933
4849 2902
4849 2198
4849 1494
4849 1799
4849 3945
4849 1288
4849 3160
4849 1214
4849 2967
4849 3196
4849 4198
4849 2340
4849 2153
4849 4741
4849 4806
4849 4101
4849 84
4849 481
4849 214
4849 143
4849 2164
4849 1371
4849 2604
4849 4845
4849 3230
4849 1569
4849 3841
4849 4063
4849 3872
4849 3259
4849 3080
4849 2503
4849 58
4849 604
4849 2976
4849 3477
4849 163
4849 2794
4849 4137
4849 3383
4849 3419
4146 3845
4146 4171
4146 1131
4146 4020
4146 4283
4146 5172
4146 785
4146 3441
4146 5475
4146 1359
4146 3555
4146 1338
4146 5239
4146 2692
4146 1005
4146 1013
4146 5052
4146 3244
4146 1508
4146 39
4146 212
4146 4598
4146 4026
4146 4440
4146 5302
4146 3641
4146 2514
4146 3436
4146 4575
4146 3603
4146 3356
4146 4066
4146 5008
4146 2806
4146 854
4146 5360
4146 5198
4146 1823
4146 3932
4146 2163
4146 2560
4146 2295
4146 3227
4146 4462
4146 3381
4146 4119
4146 4383
4146 1223
4146 4461
4146 909
4146 1460
4146 456
4146 749
4146 5025
4146 2089
4146 162
4146 820
4146 14
4146 1966
4146 3800
4146 4931
4146 4289
4146 3958
4146 2073
4146 322
4146 3294
4146 3265
4146 3352
4146 1466
4146 1396
4146 1119
4146 988
4146 2326
4146 5303
4146 4000
4146 978
4146 2705
4146 2363
4146 3979
4146 3501
4146 4148
4146 4863
4146 1147
4146 44
4146 3050
4146 5143
4146 3843
4146 2904
4146 227
4146 5035
4146 1597
4146 985
4146 1886
4146 5402
4146 647
4146 1623
4146 3561
4146 4269
4146 3715
4146 5382
3192 779
3192 5007
3192 5512
3192 1745
3192 2547
3192 2331
3192 630
3192 1783
3192 4637
3192 3327
3192 5515
3192 4579
3192 891
3192 4884
3192 4430
3192 2554
3192 240
3192 1286
3192 1471
3192 2248
3192 3927
3192 451
3192 73
3192 1973
3192 4435
3192 4163
3192 3274
3192 3278
3192 1538
3192 1482
3192 468
3192 5406
3192 4510
3192 5462
3192 1510
3192 4722
3192 2415
3192 3697
3192 4114
3192 1694
3192 319
3192 2304
3192 2344
3192 3681
3192 695
3192 1128
3192 802
3192 3055
3192 4886
3192 4184
3192 1195
3192 2582
3192 655
3192 3318
3192 1869
3192 5124
3192 821
3192 396
3192 3343
3192 4014
3192 2519
3192 2287
3192 29
3192 5316
3192 4760
3192 3388
3192 3559
3192 4480
3192 3984
3192 2215
3192 1863
3192 3865
3192 3738
3192 5237
3192 54
3192 2621
3192 5435
3192 2874
3192 718
3192 1537
3192 2545
3192 3694
3192 4001
3192 727
3192 783
3192 1422
3192 4822
3192 3743
3192 2623
3192 4347
3192 4363
3192 3508
3192 2121
3192 5324
3192 2147
3192 3952
3192 3115
3192 4768
3192 2118
3192 404
4170 1406
4170 253
4170 2743
4170 1100
4170 2497
4170 1533
4170 5210
4170 1067
4170 688
4170 194
4170 1087
4170 2790
4170 1898
4170 3424
4170 3990
4170 798
4170 519
4170 1720
4170 4467
4170 5072
4170 3094
4170 1907
4170 4925
4170 95
4170 3371
4170 4730
4170 5189
4170 1056
4170 2518
4170 3884
4170 4344
4170 1023
4170 3868
4170 1672
4170 4050
4170 3512
4170 3899
4170 4958
4170 4373
4170 335
4170 1846
4170 5481
4170 2910
4170 2377
4170 2255
4170 2982
4170 3780
4170 842
4170 656
4170 1388
4170 2968
4170 4176
4170 1894
4170 155
4170 4367
4170 1159
4170 4143
4170 3450
4170 226
4170 2228
4170 1069
4170 333
1615 5154
1615 173
1615 1293
1615 4188
1615 5418
1615 1910
1615 5494
1615 5076
1615 393
1615 4080
1615 840
1615 1919
1615 2766
1615 1043
1615 1997
1615 3739
1615 2271
1615 3363
1615 3816
1615 2410
1615 3271
1615 2305
1615 3184
1615 5151
1615 5477
1615 2485
1615 5359
1615 3238
1615 1892
1615 1965
1615 235
1615 2544
1615 435
1615 2925
1615 314
1615 4390
1615 754
1615 4408
1615 1265
1615 3037
1615 3212
1615 473
1615 5178
1615 4348
1615 2912
1615 4775
1615 3897
1615 398
1615 38
1615 3256
1615 4469
1615 3148
1615 223
1615 2899
1615 2064
1615 4459
1615 2341
1615 843
1615 5411
1615 2947
1615 3162
1615 4624
1615 1240
1615 2759
1615 2408
1615 1502
1615 142
1615 2853
1615 931
1615 4013
1615 713
1615 2727
1615 1660
1615 2978
1615 3052
1615 722
1615 2436
1615 4418
1615 2987
1615 3943
1615 1063
1615 1531
1615 409
1615 167
1615 3210
1615 1438
1615 1768
1615 5514
1615 4692
1615 1331
1615 2464
1615 972
1615 2881
1615 2900
1615 3791
1615 4404
1615 2586
1615 3704
1615 2346
1615 4642
4292 2424
4292 4310
4292 2473
4292 1624
4292 5490
4292 4755
4292 385
4292 3683
4292 3122
4292 2537
4292 2421
4292 2592
4292 2027
4292 304
4292 5348
4292 5067
4292 2172
4292 4281
4292 1274
4292 4424
4292 1990
4292 3285
4292 2218
4292 953
4292 1794
4292 3527
4292 1733
4292 2452
4292 4826
4292 3085
4292 2050
4292 899
4292 5235
4292 134
4292 1194
4292 1255
4292 2675
4292 1294
4292 921
4292 4549
4292 1506
4292 3128
4292 4399
4292 3348
4292 5461
4292 2952
4292 2750
4292 1771
4292 3529
4292 3991
4292 3701
4292 3601
4292 1826
4292 5423
4292 3729
4292 4969
4292 2869
4292 3359
4292 1220
4292 808
4292 824
4292 1025
4292 5228
4292 2364
4292 3572
4292 4181
4292 5426
4292 416
4292 83
4292 797
4292 4145
4292 3758
4292 2753
4292 1275
4292 1364
4292 2184
4292 4737
4292 4891
4292 1479
4292 5347
4292 2556
4292 3631
4292 340
4292 4375
4292 3665
4292 1644
4292 4382
4292 928
4292 2289
4292 5125
4292 4647
4292 5080
4292 5135
4292 1282
4292 5041
4292 4284
4292 3705
4292 3957
4292 3830
4292 4787
3175 295
3175 3111
3175 4359
3175 4331
3175 3425
3175 3358
3175 1970
3175 3174
3175 2656
3175 15
3175 159
3175 1706
3175 1241
3175 1882
3175 33
3175 2887
3175 4640
3175 4079
3175 4457
3175 5146
3175 290
3175 4201
3175 5425
3175 3731
3175 594
3175 5263
3175 2055
3175 4059
3175 2521
3175 4740
3175 346
3175 870
3175 476
3175 4635
3175 4368
3175 3675
3175 5330
3175 881
3175 4614
3175 1636
3175 1929
3175 596
3175 266
3175 3930
3175 219
3175 3955
3175 2775
3175 4087
3175 496
3175 1589
3175 1290
3175 2375
3175 241
3175 4325
3175 2827
3175 3869
3175 4558
3175 1035
3175 4073
3175 5128
3175 4336
3175 4688
3175 683
3175 4342
3175 1762
3175 5053
3175 71
3175 1613
3175 2083
3175 2407
3175 4710
3175 3114
3175 5083
3175 4515
3175 3894
3175 1402
3175 3554
3175 502
3175 4437
3175 5016
3175 2182
3175 1804
3175 1579
3175 4844
3175 999
3175 2789
3175 5439
3175 650
3175 1248
3175 2802
3175 2342
3175 503
3175 1333
3175 1140
3175 2506
3175 2159
3175 4652
3175 1983
3175 933
3175 2419
3425 4152
3425 771
3425 2491
3425 4602
3425 3620
3425 2811
3425 4811
3425 1256
3425 2055
3425 1679
3425 5432
3425 4472
3425 2042
3425 690
3425 4864
3425 4097
3425 3175
3425 5079
3425 4531
3425 667
3425 2713
3425 476
3425 4629
3425 3811
3425 205
3425 1113
3425 3066
3425 3840
3425 2923
3425 307
3425 1921
3425 662
3425 28
3425 5470
3425 2474
3425 2030
3425 3718
3425 5252
3425 2360
3425 3698
3425 5187
2235 3224
2235 4972
2235 1798
2235 925
2235 72
2235 4079
2235 4357
2235 3257
2235 1582
2235 2577
2235 89
2713 4897
2713 1675
2713 3425
2713 512
2713 4502
2713 18
2713 238
2713 2252
2713 3751
2713 271
2713 684
2713 4758
2713 1529
2713 3141
2713 1682
2713 2399
2713 128
2713 4868
2713 1414
2713 3187
2713 5300
2713 2695
2713 310
2713 3470
2713 2349
2713 3554
2713 1024
2713 2908
2713 5167
2713 4334
2713 68
2713 1815
2713 378
2713 4693
2713 1920
2713 5037
2713 5218
2713 1227
2713 4238
2713 1418
2713 675
2713 1575
2713 1874
2713 4846
2713 2422
2713 2286
2713 2807
2713 3302
2713 5055
2713 4666
2713 2055
2713 1310
2713 1737
2713 2854
2713 2489
2713 5005
2713 2227
2713 2130
2713 485
2713 2426
2713 5069
2713 3344
2713 4512
2713 679
2713 948
2713 3747
2713 3647
2713 2851
2713 5394
2713 740
2713 606
2713 3602
2713 4350
2713 3699
2713 1021
2713 3255
2713 703
2713 2069
2713 3578
2713 2716
2713 1833
2713 448
2713 650
2713 4567
2713 3275
2713 1721
2713 4442
2713 4811
2713 5487
2713 3938
2713 1610
2713 4407
2713 3175
2713 1138
2713 3970
2713 913
2713 1984
2713 1004
2713 831
2713 1882
476 295
476 2047
476 4593
476 5222
476 148
476 512
476 1889
476 3664
476 1737
476 1256
476 5094
476 2700
476 3720
476 4127
476 1210
476 1523
476 725
476 3635
476 1598
476 3026
476 3887
476 369
476 3382
476 4588
476 471
476 1617
476 3174
476 4597
476 3995
476 3474
476 3425
476 3249
476 5010
476 4499
476 5141
476 4701
476 5503
476 4812
476 4747
476 3663
476 4573
476 2484
476 4581
476 5186
476 4587
476 2840
476 1092
476 3470
476 852
476 2130
476 937
476 4823
476 2110
476 2846
476 5116
476 3101
476 4332
476 4992
476 4857
476 2532
476 1504
476 1030
476 919
476 4536
476 1156
476 4079
476 301
476 3054
476 5422
476 2392
476 2420
476 5152
476 4654
476 2674
476 3889
476 551
476 558
476 3422
476 4704
476 5188
476 4777
476 4591
476 3141
476 3110
476 1601
476 5457
476 1707
476 958
476 3777
476 3358
476 4479
476 3332
476 567
476 982
476 364
476 1883
476 3542
476 3461
476 4742
476 4868
5079 5100
5079 1599
5079 2422
5079 4303
5079 1278
5079 1679
5079 1882
5079 337
5079 1575
5079 3397
5079 5271
5079 4079
5079 1241
5079 363
5079 3933
5079 1606
5079 5218
5079 3141
5079 3425
5079 453
5079 2053
5079 2286
5079 2055
5079 5157
5079 4319
5079 4640
5079 41
5079 4445
5079 1999
5079 1666
5079 1492
5079 771
5079 2342
5079 2713
5079 5345
5079 3787
5079 1939
5079 1613
5079 3763
5079 96
5079 3876
5079 97
5079 1414
5079 2785
5079 3620
5079 2209
5079 3478
5079 5417
5079 2678
5079 3834
5079 1430
5079 4407
5079 1983
5079 1463
5079 5017
5079 5165
5079 5480
5079 5448
5079 263
5079 1212
5079 917
5079 2755
5079 1386
5079 3215
5079 2697
5079 3374
5079 2812
5079 3164
5079 3406
5079 1833
5079 1788
5079 2839
5079 4496
5079 3323
5079 5053
5079 2104
5079 2876
5079 5265
5079 4330
5079 4296
5079 291
5079 4924
5079 129
5079 2407
5079 1690
5079 5307
5079 1714
5079 881
5079 3730
5079 2491
5079 3708
5079 15
5079 2811
5079 3541
5079 5290
5079 3489
5079 4220
5079 4811
5079 3119
5079 2615
2189 4890
2189 1930
2189 4920
2189 1461
2189 587
2189 4638
2189 3996
2189 1423
2189 2465
2189 4986
2189 1789
2189 497
2189 316
2189 1864
2189 4529
2189 2298
2189 3440
2189 5387
2189 3837
2189 2707
2189 2561
2189 4790
2189 5148
2189 457
2189 1485
2189 1840
2189 4449
2189 5166
2189 5456
2189 2813
2189 4779
2189 3764
2189 3276
2189 85
2189 3589
2189 916
2189 834
2189 1684
2189 40
2189 1237
2189 3063
2189 2294
2189 1419
2189 5024
2189 2734
2189 5217
2189 633
2189 5122
2189 1913
2189 4700
2189 1099
2189 3859
2189 2070
2189 2644
2189 2996
2189 923
2189 1518
2189 3494
2189 2086
2189 2061
2189 4999
2189 1031
2189 3170
2189 4456
2189 2964
2189 4577
2189 5206
2189 4934
2189 5311
2189 5254
2189 2633
2189 905
2189 1534
2189 839
2189 1600
2189 883
2189 2335
2189 4248
2189 769
2189 1691
2189 950
2189 3000
2189 1121
2189 62
2189 1200
2189 4343
2189 806
2189 2998
2189 374
2189 4595
2189 4517
2189 624
2189 3412
2189 4124
2189 4159
2189 4709
2189 4996
2189 1697
2189 3801
2189 1704
5403 543
5403 510
5403 4770
5403 1123
5403 599
5403 52
5403 2002
5403 200
5403 3613
5403 906
5403 74
5403 1425
5403 5491
5403 4985
5403 3912
5403 3126
5403 3564
5403 2275
5403 4903
5403 202
5403 2313
5403 4766
5403 3395
5403 2092
5403 724
5403 5099
5403 4071
5403 4646
5403 731
5403 670
5403 381
5403 1253
5403 5190
5403 2942
5403 3415
5403 3753
5403 2306
5403 2264
5403 1249
5403 1860
5403 1151
5403 3670
5403 4952
5403 3806
5403 5523
5403 2530
5403 625
5403 5224
5403 326
5403 1279
5403 5384
5403 4211
5403 1816
5403 1985
5403 2387
5403 66
5403 2222
5403 638
5403 2742
5403 1152
5403 1135
5403 956
5403 1614
5403 49
5403 5424
5403 3719
5403 2045
5403 413
5403 2763
5403 3258
5403 3956
5403 550
5403 816
5403 4225
5403 5267
5403 4907
5403 872
5403 3426
5403 4538
5403 4628
5403 1442
5403 242
5403 180
5403 1807
5403 3089
5403 3049
5403 792
5403 5264
5403 1301
5403 1903
5403 568
5403 2366
5403 425
5403 1867
5403 1670
5403 563
5403 4855
5403 4524
5403 3905
5403 2735
4542 4721
4542 4079
486 741
486 2405
486 506
486 2339
486 390
486 1304
486 3048
486 329
486 5226
486 501
486 3448
486 4419
486 21
486 4463
486 5021
486 3515
486 3431
486 1659
486 1289
486 789
486 1190
486 4406
486 540
486 952
486 3576
486 2065
486 1213
486 886
486 3685
486 3078
486 2389
486 5117
486 1007
486 4936
486 482
486 4988
486 80
486 3939
486 2896
486 1562
486 4046
486 2250
486 5278
486 1585
486 436
486 5365
486 4309
486 3605
486 4052
486 2820
486 4827
486 4528
486 5518
486 1951
486 5463
486 4140
486 4765
486 4578
486 5036
486 382
486 102
486 4377
486 1499
486 4193
486 3201
486 1590
486 5355
486 616
486 2162
486 2171
486 536
486 2647
486 1683
486 2427
486 5074
486 758
486 4329
486 2486
486 5413
486 3732
486 2126
486 1243
486 4839
486 4850
486 3403
486 2686
486 4872
486 4141
486 1117
486 4118
486 4371
486 3961
486 2034
486 1198
486 1047
486 3615
486 5015
486 1429
486 3439
486 2225
3452 5450
3452 270
3452 2291
3452 4045
3452 3609
3452 394
3452 4929
3452 3069
3452 239
3452 477
3452 1215
3452 5294
3452 5459
3452 2579
3452 1640
3452 1671
3452 3156
3452 3781
3452 3075
3452 1157
3452 3765
3452 2006
3452 3580
3452 1503
3452 1360
3452 36
3452 3690
3452 2263
3452 1300
3452 433
3452 4492
3452 5142
3452 3042
3452 4594
3452 4973
3452 535
3452 4609
3452 3311
3452 2610
3452 1526
3452 5000
3452 2754
3452 2844
3452 3534
3452 3509
3452 3018
3452 2033
3452 3741
3452 4481
3452 1723
3452 2011
3452 3864
3452 1947
3452 5121
3452 464
3452 734
3452 5295
3452 5240
3452 4295
3452 5453
3452 3486
3452 2563
3452 1661
3452 2990
3452 3046
3452 2721
3452 2596
3452 133
3452 248
3452 31
3452 3558
3452 4612
3452 3421
3452 3871
3452 2071
3452 4645
3452 5386
3452 4933
3452 4113
3452 1541
3452 1125
3452 4563
3452 711
3452 1556
3452 1484
3452 32
3452 474
3452 3797
3452 3053
3452 2233
3452 1957
3452 1967
3452 3577
3452 2953
3452 3622
3452 4380
3452 344
3452 1559
3452 2333
3452 220
2525 691
2525 5312
2525 2125
2525 1403
2525 2361
2525 2383
2525 1318
2525 1791
2525 588
2525 4255
2525 4393
2525 2023
2525 2036
2525 1726
2525 4874
2525 4041
2525 2480
2525 5279
2525 832
2525 2259
2525 2051
2525 4409
2525 292
2525 3967
2525 4953
2525 3810
2525 3088
2525 1741
2525 2720
2525 804
2525 753
2525 2288
2525 585
2525 3790
2525 3985
2525 959
2525 5137
2525 1574
2525 2150
2525 3863
2525 149
2525 1641
2525 2015
2525 938
2525 4346
2525 4938
2525 554
2525 549
2525 900
2525 3536
2525 2696
2525 2598
2525 135
2525 2685
2525 1080
2525 595
2525 714
2525 3077
2525 3504
2525 1362
2525 103
2525 78
2525 5440
2525 5274
2525 2744
2525 1392
2525 1763
2525 4297
2525 5482
2525 3132
2525 964
2525 1352
2525 1440
2525 1477
2525 1843
2525 5497
2525 1449
2525 1062
2525 4485
2525 2526
2525 4314
2525 4005
2525 3634
2525 1287
2525 3417
2525 672
2525 693
2525 4428
2525 5208
2525 1332
2525 7
2525 5044
2525 1478
2525 3612
2525 1505
2525 1904
2525 2365
2525 3188
2525 5075
2525 1097
1821 2870
1821 5223
1821 5492
1821 2868
1821 3012
1821 3766
1821 4351
1821 4673
1821 4921
1821 5161
1821 2510
1821 3104
1821 157
1821 2282
1821 5431
1821 4623
426 4734
426 5039
426 5517
426 5434
426 3475
426 1797
426 42
426 2137
426 4771
426 4548
426 2241
426 5272
426 4068
426 465
426 3974
426 5018
426 1258
426 591
426 5048
426 5104
426 280
426 5028
426 153
426 5033
426 2169
426 3712
426 4301
426 2205
426 4876
426 3493
426 3193
426 1507
426 3519
426 3882
426 3678
426 629
426 2123
426 3799
426 3084
426 992
426 5430
426 1692
426 2299
426 1775
426 4349
426 1089
426 1229
426 67
426 5115
426 4247
426 5373
426 2573
426 4873
426 1906
426 2884
426 3292
426 3522
426 5081
426 4620
426 262
426 3913
426 4389
426 3384
426 2161
426 5011
426 2413
426 3539
426 2737
426 4543
426 4888
426 4051
426 4655
426 2292
426 1994
426 3669
426 2258
426 2747
426 3918
426 2091
426 1120
426 1102
426 1239
426 2406
426 2758
426 3314
426 3369
426 3619
426 697
426 5266
426 5357
426 1831
426 997
426 1946
426 2359
426 1824
426 2177
426 4584
426 3378
426 3135
426 2447
4523 3043
4523 3782
4523 4853
4523 1769
4523 2434
4523 4015
4523 2119
4523 5337
4523 4625
4523 2864
4523 4213
4523 5379
4523 2984
4523 3349
4523 1465
4523 4954
4523 8
4523 2772
4523 619
4523 3651
4523 3337
4523 5520
4523 1010
4523 5344
4523 2636
4523 3073
4523 1412
4523 2388
4523 384
4523 3197
4523 577
4523 4663
4523 3592
4523 306
4523 720
4523 4242
4523 1554
4523 1871
4523 1813
4523 775
4523 5353
4523 965
4523 5248
4523 4447
4523 5405
4523 4326
4523 4696
4523 5398
4523 4012
4523 3021
4523 4520
4523 2611
4523 1273
4523 847
4523 4582
4523 4040
4523 5509
4523 1796
4523 4214
4523 3703
4523 2657
4523 5479
4523 3545
4523 5177
4523 2140
4523 4316
4523 1959
4523 1341
4523 1511
4523 2849
4523 221
4523 2989
4523 2008
4523 541
4523 5331
4523 3087
4523 4185
4523 2337
4523 2195
4523 5444
4523 1428
4523 626
4523 1219
4523 2314
4523 2931
4523 1557
4523 809
4523 2354
4523 5134
4523 4252
4523 1445
4523 593
4523 4644
4523 2890
4523 545
4523 1708
4523 1299
4523 4540
4523 583
4523 3016
2418 4610
2418 1827
2418 5447
2418 3043
2418 2345
2418 2355
2418 4415
2418 4213
2418 844
2418 1635
2418 2129
2418 3041
2418 3337
2418 994
2418 2875
2418 1112
2418 2499
2418 5354
2418 2659
2418 4605
2418 1370
2418 2611
2418 2103
2418 1923
2418 5114
2418 3736
2418 5436
2418 4203
2418 2072
2418 4471
2418 4644
2418 4120
2418 1784
2418 3769
2418 2850
2418 2931
2418 1774
2418 3287
2418 234
2418 545
2418 1739
2418 1960
2418 819
2418 704
2418 4400
2418 2939
2418 1633
2418 3319
2418 2397
2418 3756
2418 2488
2418 845
2418 1895
2418 1842
2418 701
2418 4007
2418 2300
2418 359
2418 4506
2418 4178
2418 3616
2418 1588
2418 1802
2418 4078
2418 926
2418 3944
2418 3828
2418 1211
2418 2038
2418 3599
2418 3047
2418 5368
2418 3560
2418 1988
2418 1201
2418 3067
2418 113
2418 2481
2418 2393
2418 1224
2418 4304
2418 1059
2418 4199
2418 1873
2418 3689
2418 2916
2418 1283
2418 2698
2418 1020
2418 3793
2418 2031
2418 3579
2418 4036
2418 1931
2418 1852
2418 3941
2418 3778
2418 2774
2418 4414
2418 4249
1000 3043
1000 1072
1000 4608
1000 5399
1000 2230
1000 2129
1000 5464
1000 3333
1000 2825
1000 3552
1000 523
1000 3190
1000 2611
1000 4847
1000 1015
1000 728
1000 4133
1000 545
1000 1960
1000 1044
1000 2100
1000 4249
1000 3621
1000 1653
1000 1716
1000 580
1000 4202
1000 1790
1000 4784
1000 4761
1000 1917
1000 4568
1000 3742
1000 4675
1000 803
1000 4156
1000 422
1000 1866
1000 2114
1000 1642
1000 4908
1000 3924
1000 25
1000 4939
1000 438
1000 5105
1000 4293
1000 2935
1000 4560
1000 3550
1000 1943
1000 1124
1000 442
1000 2266
1000 3654
1000 2347
1000 1700
1000 4687
1000 3650
1000 2403
1000 1413
1000 1154
1000 5314
1000 3950
1000 1710
1000 2706
1000 4724
1000 631
1000 182
1000 2948
1000 686
1000 2859
1000 3427
1000 2600
1000 706
1000 3672
1000 2319
1000 2534
1000 729
1000 207
1000 4450
1000 1520
1000 4604
1000 411
1000 3347
1000 4532
1000 5326
1000 3029
1000 5445
1000 1330
1000 2368
1000 4780
1000 2390
1000 1532
1000 367
1000 3802
1000 3809
1000 1183
1000 2435
1000 3557
5369 3043
5369 4566
5369 53
5369 1992
5369 267
5369 1354
5369 365
5369 934
5369 1379
5369 5283
5369 1991
5369 3769
5369 3659
5369 4395
5369 2611
5369 1530
5369 3471
5369 1110
5369 1312
5369 478
5369 232
5369 3030
5369 3435
5369 5385
5369 3748
5369 3310
5369 545
5369 131
5369 1960
5369 819
5369 2771
5369 1389
5369 4324
5369 3828
5369 1201
5369 1044
5369 88
5369 3437
5369 2274
5369 2916
5369 3621
5369 4830
5369 3746
5369 3166
5369 682
5369 3734
5369 580
5369 4814
5369 4784
5369 1185
5369 4513
5369 4568
5369 2166
5369 455
5369 4675
5369 4195
5369 283
5369 1106
5369 422
5369 699
5369 2317
5369 4164
5369 1407
5369 4570
5369 4208
5369 2272
5369 710
5369 2961
5369 4394
5369 646
5369 1687
5369 5361
5369 55
5369 3185
5369 5262
5369 5233
5369 1611
5369 5132
5369 441
5369 189
5369 170
5369 2932
5369 2371
5369 4804
5369 1576
5369 1228
5369 3109
5369 2460
5369 2741
5369 4660
5369 542
5369 641
5369 4627
5369 2455
5369 4202
5369 4658
5369 87
5369 2819
5369 417
5369 2127
1916 2594
1916 1827
1916 3105
1916 3584
1916 733
1916 4369
1916 3911
1916 2054
1916 1897
1916 5238
1916 3807
1916 1353
1916 407
1916 5466
1916 4899
1916 995
1916 2155
1916 3817
1916 4556
1916 389
1916 932
1916 3081
1916 1517
1916 1552
1916 1825
1916 5449
1916 1165
1916 4966
1916 132
1916 1320
1916 1777
1916 3432
1916 4935
1916 4707
1916 1776
1916 4205
1916 2551
1916 5257
1916 651
1916 2185
1916 321
1916 5229
1916 3019
1916 3315
1916 4155
1916 2957
1916 4245
1916 4570
1916 576
1916 2994
1916 2400
1916 1656
1916 5250
1916 1407
1916 4519
1916 1480
1916 5446
1916 5495
1916 1260
1916 37
1916 2492
1916 659
1916 598
1916 5322
1916 4276
1916 4561
1916 1217
1916 2534
1916 278
1916 601
1916 4940
1916 1473
1916 2254
1916 2852
1916 2520
1916 3629
1916 1202
1916 1411
1916 532
1916 4240
1916 4534
1916 3986
1916 3064
1916 1945
1916 2319
1916 2458
1916 979
1916 2217
1916 4914
1916 3414
1916 3065
1916 4554
1916 5391
1916 4746
1916 3290
1916 328
1916 4507
1916 4984
1916 2980
1916 1158
2585 195
2585 5501
2585 589
2585 3273
2585 3883
2585 1049
2585 2144
2585 1792
2585 1437
2585 5209
2585 4795
2585 1956
2585 1962
2585 0
2585 5409
2585 3372
2585 2469
2585 1912
2585 4793
2585 4162
2585 3655
2585 286
2585 2933
2585 2726
2585 1853
2585 5145
2585 2677
2585 2129
2585 3217
2585 1346
2585 11
2585 4569
2585 1875
2585 2221
2585 635
2585 4533
2585 746
2585 4664
2585 1612
2585 851
2585 3364
2585 2605
2585 4425
2585 4981
2585 4147
2585 1834
2585 4708
2585 1724
2585 4975
2585 3391
2585 3469
2585 5220
2585 2416
2585 880
2585 1451
2585 4899
2585 2617
2585 5380
2585 1663
2585 3543
2585 2511
2585 2662
2585 3902
2585 1649
2585 1052
2585 4750
2585 3551
2585 4942
2585 2733
2585 1800
2585 4182
2585 1401
2585 4217
2585 3389
2585 2439
2585 1456
2585 2029
2585 1535
2585 1818
2585 1326
2585 4017
2585 4133
2585 4311
2585 1344
2585 5451
2585 121
2585 4783
2585 696
2585 2351
2585 4169
2585 1550
2585 1899
2585 2546
2585 712
2585 621
2585 2667
2585 370
2585 2836
2585 4720
2585 3
1467 5259
1467 3499
1467 4190
1467 1909
1467 2028
1467 3977
1467 2995
1467 1187
1467 1142
1467 2146
1467 2822
1467 2384
1467 5341
1467 5397
1467 5077
1467 2955
1467 765
1467 4810
1467 3076
1467 1176
1467 1560
1467 2487
1467 573
1467 2128
1467 4867
1467 4335
1467 1767
1467 1525
1467 4317
1467 5163
1467 3595
1467 2220
1467 846
1467 171
1467 1065
1467 3462
1467 3263
1467 2309
1467 4829
1467 4990
1467 2652
1467 86
1467 1689
1467 912
1467 1747
1467 225
1467 3813
1467 3520
1467 1383
1467 3157
1467 1002
1467 2959
1467 2310
1467 3643
1467 531
1467 782
1467 3121
1467 3844
1467 2249
1467 4643
1467 4509
1467 1193
1467 2151
1467 5200
1467 51
1467 5372
1467 812
1467 4187
1467 857
1467 4848
1467 4263
1467 3934
1467 1139
1467 5245
1467 1914
1467 3465
1467 4950
1467 4061
1467 862
1467 1756
1467 1281
1467 2765
1467 2157
1467 2865
1467 5107
1467 172
1467 431
1467 3131
1467 1443
1467 2457
1467 2200
1467 3724
1467 1915
1467 4932
1467 5174
1467 3362
1467 1878
1467 1715
1467 945
1467 3254
4190 4782
4190 2871
4190 4725
4190 2760
4190 309
4190 2808
4190 3562
4190 1527
4190 5214
4190 1148
4190 4955
4190 2928
4190 357
4190 3404
4190 1578
4190 3171
4190 4153
4190 4084
4190 1385
4190 1974
4190 1235
4190 4438
4190 786
4190 184
4190 3002
4190 1548
4190 4110
4190 2690
4190 3229
4190 5131
4190 1336
4190 4819
4190 3773
4190 2396
4190 5253
4190 1817
4190 4106
4190 4109
4190 2005
4190 529
4190 922
4190 3907
4190 4949
4190 1964
4190 1891
4190 4337
4190 168
4190 5499
4190 1669
4190 3993
4190 974
4190 973
4190 957
4190 296
4190 4385
4190 2717
4190 1587
4190 1084
4190 5498
4190 1439
4190 5342
4190 1566
4190 5014
4190 4717
4190 1109
4190 2343
4190 1698
4190 358
4190 4224
4190 1944
4190 3098
4190 2210
4190 401
4190 4370
4190 1298
4190 773
4190 4818
4190 5308
4190 2048
4190 3420
4190 4189
4190 470
4190 5358
4190 20
4190 705
4190 1488
4190 4216
4190 1150
4190 5367
4190 3714
4190 716
4190 2649
4190 331
4190 777
4190 3216
4190 2857
4190 1571
4190 2965
4190 2710
4190 1487
1909 1546
1909 5472
1909 1126
1909 4300
1909 1071
1909 2971
1909 955
1909 116
1909 5519
1909 1064
1909 892
1909 5162
1909 2450
1909 5199
1909 2066
1909 117
3977 3481
3977 813
3977 125
2995 4103
2995 1594
2995 1632
2995 479
2995 5329
2995 4258
2995 1261
2995 5111
2995 1673
2995 5323
2995 181
2995 4977
2995 5095
2995 4035
2995 5332
2995 196
2995 2000
2995 3248
2995 3618
2995 1034
2995 2631
2995 3186
2995 5147
2995 3163
2995 4989
2995 4794
2995 1879
2995 2591
2995 855
2995 5182
2995 334
2995 1321
2995 5205
2995 3375
2995 3874
2995 1607
2995 3744
2995 3339
2995 2470
2995 4946
2995 4951
2995 4659
2995 1725
2995 2483
2995 2640
2995 5281
2995 3900
2995 176
2995 69
2995 439
2995 5488
2995 3909
2995 48
2995 1452
2995 4792
2995 100
2995 2242
2995 2007
2995 856
2995 2917
2995 2917
2995 4142
2995 311
2995 3214
2995 1835
2995 876
2995 2357
2995 3833
2995 4870
2995 209
2995 1088
2995 5153
2995 3962
2995 5065
2995 3146
2995 4072
2995 3025
2995 584
2995 1749
2995 5510
2995 5510
2995 4372
2995 3687
2995 2194
2995 3203
2995 1045
2995 4144
2995 5401
2995 2142
2995 611
2995 4516
2995 2265
2995 1498
2995 2796
2995 3099
2995 1101
2995 1890
2995 2660
2995 5395
2995 5241
1187 3774
1187 3644
1187 4915
1187 1501
1187 4960
1187 4376
1187 1751
1187 826
1187 5268
1187 581
1187 1935
1142 1161
1142 3597
1142 1054
1142 4053
1142 1752
1142 5180
1142 3334
1142 717
1142 2096
1142 4043
2146 2099
2146 2922
2146 2268
2146 1093
2146 4733
2146 4680
2146 3072
2146 5060
2146 5160
2146 3329
2146 3010
2146 3935
2146 1073
2146 3917
2146 4256
2146 653
2146 4490
2146 4378
2146 5285
2146 885
2146 4508
2146 530
2146 1028
2146 3547
2146 1995
2146 1168
2146 4796
2146 1655
2146 3805
2146 4995
2146 2855
2146 2440
2146 525
2146 2646
2146 4030
2146 3825
2146 1095
2146 6
2146 1116
2146 755
2146 1250
2146 1197
2146 4235
2146 3068
2146 4525
2146 902
2146 1325
2146 1060
2146 678
2146 228
2146 2946
2146 3456
2146 76
2146 1496
2146 3890
2146 5201
2146 2454
2146 4274
2146 4774
2146 2213
2146 3003
2146 4186
2146 628
2146 2385
2146 4076
2146 4288
2146 897
2146 2691
2146 5511
2146 2787
2146 634
2146 5427
2146 867
2146 1782
2146 669
2146 4064
2146 3225
2146 2684
2146 341
2146 3713
2146 1658
2146 2835
2146 772
2146 2981
2146 1046
2146 3488
2146 3885
2146 2132
2146 4728
2146 4427
2146 4959
2146 4474
2146 4018
2146 1053
2146 3604
2146 1926
2146 2725
2146 4206
2146 2924
2146 275
2822 2321
2822 781
2822 2626
2822 4769
2822 4729
2822 1051
2822 642
2384 2866
2384 4815
2384 3983
5341 884
5341 2550
5341 4131
5341 3948
5341 4834
5341 4785
5341 3735
5341 835
5341 2587
5341 1316
5341 4773
5341 3476
5341 419
5341 5207
5341 277
5341 2539
5341 3045
5341 3627
5397 3428
5397 5496
5397 3380
5397 4630
5397 1780
5397 818
5397 1078
5397 5144
5397 2784
5397 138
5397 5327
5397 1971
5397 1787
5397 2090
5397 297
5397 1711
5397 5370
5397 1207
5397 4261
5397 3798
5397 3523
5397 3322
5397 4976
5397 4429
5397 3628
5397 4662
5397 663
5397 2564
5397 50
5397 5006
5397 2711
5397 5375
5397 534
5397 2702
5397 4898
5397 681
2955 2715
2955 607
2955 4535
2955 3959
765 2767
765 2671
765 3495
765 1884
765 3191
765 5155
765 1206
765 3581
765 3954
765 1735
765 5282
765 4366
765 4177
765 3028
765 3001
765 2826
765 2149
765 4801
765 3093
765 1350
765 4
765 2664
765 1785
765 1963
765 1881
765 1085
765 4514
765 3942
765 2773
765 1838
765 4576
765 3385
765 406
765 140
765 4997
765 2471
765 4943
765 1604
765 3070
765 3997
765 1447
765 274
765 1357
765 2962
765 2395
765 3903
765 5086
765 2940
765 566
765 4161
765 4511
765 492
765 1753
765 1254
765 4697
765 1453
765 4618
765 4286
765 3866
765 1081
765 817
765 4574
765 5305
765 3387
765 2619
765 3309
765 2548
765 1515
765 2680
765 47
765 4545
765 1848
765 4412
765 1862
765 2414
765 3400
765 338
765 2211
765 166
765 3023
765 3409
765 3857
765 3826
765 2446
765 4483
3076 3360
3076 303
3076 5149
3076 4154
3076 105
1560 4056
1560 356
1560 285
1560 2044
1560 2056
573 4657
573 636
2128 623
2128 3268
2128 715
2128 4212
2128 2791
2128 4941
2128 5381
2128 2502
2128 5443
2128 2903
2128 5508
2128 5247
2128 514
2128 1841
2128 1042
2128 1263
2128 2679
2128 4023
2128 147
2128 4312
2128 2311
2128 3617
2128 2920
2128 2601
2128 1639
2128 3525
2128 4965
2128 3033
2128 5287
2128 2180
2128 1450
2128 4551
2128 680
2128 3198
2128 1668
2128 3686
2128 1876
2128 1315
2128 873
2128 2062
2128 3645
2128 1810
2128 4799
2128 3502
2128 998
2128 4893
2128 4832
2128 243
2128 1141
2128 61
2128 4233
2128 762
2128 4356
2128 3243
2128 4391
2128 3413
2128 794
2128 1014
2128 2328
2128 5133
2128 3472
2128 3123
2128 966
2128 298
2128 4448
2128 3116
2128 2748
2128 3182
2128 1927
2128 1011
2128 1696
2128 1191
2128 4828
2128 2906
2128 1468
2128 3625
2128 4151
2128 1893
2128 5078
2128 421
2128 2244
2128 597
2128 5038
2128 4521
2128 1146
2128 2738
2128 1918
2128 259
2128 1127
2128 5139
2128 197
2128 1337
2128 2467
2128 3127
2128 2909
2128 971
2128 666
2128 5173
2128 1568
2128 5260
4867 3706
4867 2158
4867 4719
4867 1394
4867 3709
4867 3466
4867 3202
4867 1975
4867 4431
4867 2212
4867 962
4867 488
4867 4962
4867 1922
4867 2895
4867 3246
4867 2174
4867 4833
4867 2378
4867 3563
4867 5318
4867 3183
1767 935
1767 2837
1767 3082
1767 1464
1767 522
1767 2479
1767 4754
1767 3407
1767 3524
1767 5258
1767 4229
1767 353
1767 4232
1767 3514
1767 2154
1767 2512
1767 5293
1767 3031
1767 1475
1767 3759
1767 5356
1767 3922
1767 4128
1767 349
1767 2687
1767 2731
1767 1681
1767 537
1767 4789
1767 3573
1767 3588
1767 4323
1767 3429
1767 4433
1767 637
1767 2246
1767 2708
1767 3752
1767 4444
1767 2133
1767 2237
1767 2860
1767 1718
1767 4236
1767 760
1767 257
1767 5113
1767 4772
1767 4668
1767 2669
1525 327
1525 3006
1525 539
1525 1547
1525 3553
1525 2969
1525 5227
1525 5219
1525 4807
1525 3342
1525 2261
1525 4057
1525 1628
1525 570
1525 1581
1525 2841
1525 639
1525 4135
1525 4134
1525 1719
1525 1908
1525 1645
1525 3393
1525 2873
1525 2918
1525 3305
1525 4689
1525 2323
1525 2425
1525 508
1525 5058
1525 5317
1525 3306
1525 1303
1525 1329
1525 5280
1525 1621
1525 1470
1525 751
1525 3684
1525 5513
1525 3449
1525 1746
1525 3376
1525 4705
1525 3234
1525 1583
1525 3307
1525 2676
1525 4670
1525 2495
1525 2285
1525 3245
1525 3496
1525 1177
1525 894
1525 2338
1525 4800
1525 4651
1525 2966
1525 1426
1525 4685
1525 4887
1525 1981
1525 1982
1525 1941
1525 4320
1525 5273
1525 518
1525 2075
1525 1444
1525 2231
1525 444
1525 3908
1525 5062
1525 1993
1525 1285
1525 2382
1525 1374
1525 3823
1525 2558
1525 1358
1525 4970
1525 1172
1525 3079
1525 5127
1525 3169
1525 2109
1525 1171
1525 26
1525 2972
1525 1182
1525 3091
1525 1221
1525 877
1525 1561
1525 3457
1525 4672
1525 4596
1525 4016
4317 2599
4317 4824
4317 3324
4317 2369
4317 2082
4317 3679
4317 4219
4317 2350
4317 1231
5163 2138
5163 5046
3595 5465
3595 1420
3595 1323
3595 2943
3595 5467
3595 940
3595 936
3595 2431
3595 4167
3595 5296
3595 2709
3595 1731
3595 1162
3595 2216
3595 174
3595 3700
3595 2829
3595 745
3595 661
3595 4727
3595 5193
3595 429
3595 4085
3595 5414
3595 4466
3595 5045
3595 987
3595 4060
3595 2515
3595 2572
3595 355
3595 3014
3595 3236
3595 2267
3595 3108
3595 2728
3595 1268
3595 586
3595 547
3595 1744
3595 5504
3595 1980
3595 1648
3595 1521
3595 1953
3595 4745
3595 1276
3595 2105
3595 4731
3595 3657
3595 1143
3595 1637
3595 81
3595 4877
3595 3586
3595 560
3595 743
3595 5221
3595 853
3595 3060
3595 3973
3595 5051
3595 4446
3595 4739
3595 2858
3595 2723
3595 3838
3595 3614
3595 5455
3595 1602
3595 4738
3595 3537
3595 3213
3595 3458
3595 3723
3595 2818
3595 4851
3595 3153
3595 2997
3595 3180
3595 1757
3595 2273
3595 1424
3595 1972
3595 2409
3595 1104
3595 1851
3595 3789
3595 970
3595 2824
3595 4420
3595 3513
3595 3438
3595 5159
3595 5120
3595 2322
3595 1009
3595 1865
3595 1174
3595 1676
2220 4029
2220 4453
2220 1631
2220 526
2220 860
2220 4227
2220 34
2220 4956
2220 4067
2220 5309
2220 943
2220 5377
2220 4443
2220 2423
2220 4282
2220 3661
2220 191
2220 5054
2220 210
2220 1372
2220 4565
2220 5486
2220 1322
2220 4945
2220 4092
2220 2256
2220 3852
2220 4191
2220 3568
2220 3768
2220 4065
2220 2219
2220 4024
2220 3707
2220 4397
2220 548
2220 2848
2220 609
2220 9
2220 4089
2220 2681
2220 475
2220 907
2220 136
2220 1302
2220 452
2220 3980
2220 2141
2220 924
2220 3357
846 2941
846 1688
846 4601
846 1415
846 3839
846 1363
846 5243
846 4150
846 2589
846 154
846 427
846 1234
846 4797
846 3989
846 1019
846 3761
846 1270
846 2490
846 799
846 3281
846 1603
846 4451
846 5522
846 217
846 4880
846 2442
846 2668
846 3447
846 3120
846 3695
846 1347
846 3479
846 3167
846 2749
846 1186
846 2672
846 1754
846 3848
846 976
846 1942
846 2429
846 4674
846 4093
846 3951
846 1651
846 2729
846 3861
846 3521
846 5031
846 2336
846 2568
846 4174
846 612
846 93
846 1189
846 2148
846 1409
846 3538
846 1436
846 156
846 260
846 308
846 2428
846 4831
846 3569
846 1514
846 449
846 4338
846 2663
846 5343
846 3881
846 4964
846 1033
846 2828
846 3728
846 3896
846 2234
846 5030
846 1620
846 408
846 4904
846 1486
846 1572
846 1160
846 5310
846 2362
846 3301
846 5034
846 2500
846 2493
846 1736
846 2139
846 1173
846 967
846 5251
846 1727
846 4044
846 698
846 3815
846 5049
171 1713
171 4504
171 3835
171 2386
171 4589
171 2764
171 5216
171 5179
171 3295
171 3668
171 3607
171 1870
171 1246
171 4197
171 2456
171 2202
171 5244
171 469
171 954
171 5286
171 888
171 805
171 1247
171 2528
171 5505
171 3328
171 193
171 1381
171 4901
171 2024
171 284
171 1902
171 2595
171 4860
171 3005
171 1563
171 5420
171 1037
171 3211
171 3189
171 1732
171 3770
171 2170
171 5150
171 5338
171 980
171 2430
171 16
171 761
171 75
171 859
171 736
171 2800
171 2035
171 1646
171 2077
171 2746
171 3453
171 3482
171 5521
171 516
171 1327
171 513
171 145
171 5063
171 3680
171 4011
171 3794
171 4055
171 1667
171 4982
171 2214
171 3262
171 2637
171 4869
171 2003
171 5483
171 5478
171 744
171 2929
171 2078
171 4600
171 620
171 2638
171 2885
171 1858
171 2689
171 108
171 5136
171 5119
171 4539
171 1814
171 5383
171 767
171 2886
171 4417
171 4096
171 1259
171 3118
171 1404
1065 2312
1065 1384
1065 791
1065 4852
1065 4894
1065 5269
1065 3590
1065 2944
1065 4243
1065 2803
3462 2049
3462 1400
3462 4843
3462 3368
4829 437
4829 3316
4829 3587
4829 1149
4829 185
4829 1734
2652 5429
2652 1122
2652 3161
2652 3803
86 2934
912 3145
912 2654
912 264
912 3960
912 201
912 1134
912 5181
912 657
912 2168
912 111
912 4922
912 99
912 2809
912 3901
912 122
912 2970
912 993
912 2494
912 1266
912 2608
912 5204
912 5106
912 2432
1747 420
1747 1188
1747 1218
1747 4149
1747 890
1747 3151
1747 3335
1747 527
1747 1417
1747 2863
1747 1932
1747 559
1747 5
1747 3827
1747 1076
1747 4222
1747 2751
1747 5097
1747 2505
1747 4856
1747 5230
1747 3842
1747 2958
1747 5087
1747 3284
1747 432
1747 2522
1747 3549
1747 3867
1747 252
1747 1567
1747 1618
1747 3965
1747 5176
1747 1593
1747 2757
1747 3460
1747 4993
1747 332
1747 2247
1747 2107
1747 2156
1747 2979
1747 4136
1747 2513
1747 3112
1747 1940
1747 361
1747 3117
1747 5408
1747 1647
1747 5304
1747 4081
1747 1008
1747 2583
1747 1709
1747 254
1747 3982
1747 4374
1747 3981
1747 887
1747 5066
1747 445
1747 2893
1747 920
1747 2788
1747 5203
1747 4099
1747 4123
1747 3159
1747 4961
1747 515
1747 2468
1747 752
1747 459
1747 2160
1747 1872
1747 3971
1747 2057
1747 3354
1747 1495
1747 562
1747 2527
1747 1836
1747 1257
1747 460
1747 3526
1747 4631
1747 484
1747 3606
1747 4436
1747 4501
1747 3921
1747 1845
1747 17
1747 2704
1747 1446
1747 5009
1747 723
1747 2843
225 4503
225 5288
3813 4455
3520 4896
3520 4273
3520 2284
3520 4077
3520 3095
3520 1761
3520 2575
3520 5335
3520 4318
3520 4926
3520 3646
3520 2350
3520 2739
3520 1006
3520 4882
3520 1114
3520 4298
3520 2102
3520 3963
3520 1075
3520 2136
3520 4183
3520 3500
3520 2176
3520 1856
3520 1264
3520 4054
3520 5096
3520 949
3520 2523
3520 3059
3520 2330
3520 3124
3520 1793
3520 3370
3520 4115
1383 4892
1383 4360
1383 833
1383 1949
1383 579
1383 764
1383 2541
1383 5292
1383 4590
1383 5029
1383 4327
1383 3008
1383 3593
1383 493
1383 5073
1383 2411
1383 4234
1383 5328
1383 1365
1383 1584
1383 2993
1383 19
1383 289
1383 1448
1383 4392
1383 4715
1383 137
1383 461
1383 5336
3157 2437
3157 4555
3157 5140
3157 2816
3157 788
3157 2095
3157 3598
3157 793
3157 776
3157 4649
3157 2555
3157 4215
3157 1516
3157 4416
3157 677
3157 1017
3157 377
3157 4305
3157 5407
3157 4615
3157 3411
3157 3583
3157 3074
3157 110
3157 2603
3157 1703
3157 5088
3157 915
3157 4491
3157 1181
3157 4585
3157 1016
3157 4470
3157 324
3157 1766
3157 3313
3157 1625
3157 766
3157 5419
3157 3446
3157 3228
3157 4173
3157 2026
3157 4865
3157 2175
3157 3272
3157 5012
3157 3036
3157 4895
3157 3206
3157 975
3157 2798
3157 3252
3157 3696
3157 443
3157 5022
3157 4916
3157 2894
3157 2052
3157 4285
3157 1976
3157 2786
3157 1608
3157 1105
3157 615
3157 115
3157 1441
3157 3814
3157 4075
3157 265
3157 1361
3157 302
3157 4365
3157 5171
3157 368
3157 5061
3157 927
3157 2463
3157 4468
3157 1094
3157 5213
3157 5320
3157 2641
3157 4460
3157 4022
3157 5002
3157 1251
3157 3929
3157 403
3157 622
3157 3398
3157 2270
3157 2882
3157 838
3157 5231
3157 1629
3157 1705
3157 186
3157 800
3157 1786
1002 3804
1002 3931
1002 1376
1002 874
1002 3693
1002 3737
1002 1829
1002 2574
1002 3071
1002 3966
1002 4464
1002 5092
1002 4116
1002 640
1002 1474
1002 4592
1002 836
1002 5433
1002 1750
1002 1236
1002 961
1002 3530
1002 1343
1002 627
1002 895
1002 2804
1002 2223
1002 4108
1002 2013
1002 610
1002 4048
1002 996
1002 1309
1002 5183
1002 1722
1002 1222
1002 3200
1002 2080
1002 2461
1002 3172
1002 3546
1002 903
1002 3898
1002 1245
1002 3423
1002 4361
1002 5396
1002 3892
1002 5473
1002 3394
1002 3405
1002 4671
1002 3379
1002 986
1002 2145
1002 3024
1002 4486
1002 4842
1002 4271
1002 849
1002 3610
1002 3937
1002 1244
1002 4498
1002 2701
1002 4200
1002 1519
1002 863
1002 4192
1002 1414
1002 5084
1002 1491
1002 4998
1002 4762
1002 3772
1002 3321
1002 3936
1002 4541
1002 3044
1002 4841
1002 841
1002 2320
1002 4677
1002 1367
1002 4632
1002 3762
1002 3910
1002 2116
1002 5168
1002 828
1002 2712
1002 3326
1002 3506
1002 4494
1002 2010
1002 2768
1002 5232
1002 5215
1002 466
1002 3779
2959 4837
2959 4572
2959 4713
2959 757
2959 5352
2959 4963
2959 1626
2959 183
2959 114
3643 5090
3643 1252
3643 1952
531 4112
531 1850
531 1674
531 2936
782 930
782 3468
782 5212
782 643
782 5340
782 2087
782 1954
782 152
782 5059
782 1377
782 245
782 2628
3121 3503
3121 4683
3121 2353
3121 3998
3121 3004
3121 3533
3121 4808
3121 3168
3121 735
3121 1209
3121 2861
3121 2986
3121 5070
3121 1986
3121 2781
3121 3250
3121 4339
3121 4111
3121 2134
3121 1483
3121 2752
3121 2891
3121 3836
3121 2597
3121 4840
3121 5103
3121 3674
3121 944
3121 1469
3121 4476
3121 1308
3121 3691
3121 4726
3121 3296
3121 868
3121 2719
3121 1481
3121 3009
3121 3051
3121 5013
3121 3978
3121 1868
3121 4158
3121 2059
3121 3600
3121 418
3121 4353
3121 4489
3121 4788
3121 2477
3121 2449
3121 4547
3121 5027
3121 4667
3121 458
3121 1760
3121 4070
3121 397
3121 2777
3121 4883
3121 1828
3121 2277
3121 59
3121 1622
3121 1950
3121 1955
3121 1166
3121 1457
3121 4571
3121 2508
3121 5102
3121 3204
3121 2308
3121 3677
3121 3565
3121 342
3121 3199
3121 4098
3121 5270
3121 462
3121 2276
3121 3822
3121 2507
3121 4552
3121 4690
3121 2032
3121 4290
3121 3919
3121 796
3121 2135
3121 4744
3121 3442
3121 4910
3121 3727
3121 2607
3121 600
3121 1029
3121 1987
3121 2921
3121 4736
3844 2552
3844 4791
3844 2451
3844 4978
3844 3142
3844 910
3844 3574
3844 946
3844 1730
3844 2009
3844 198
3844 1555
3844 2398
3844 1118
3844 3205
3844 1627
3844 3220
3844 2629
3844 233
3844 3649
3844 2714
3844 123
3844 2927
3844 4027
3844 3656
3844 2722
3844 4475
3844 293
3844 4266
3844 2022
3844 4379
3844 4917
3844 4262
3844 914
3844 509
3844 968
3844 2516
3844 2325
3844 2531
3844 4388
3844 3020
3844 4270
3844 5032
3844 1164
3844 3308
3844 1522
3844 244
3844 348
3844 2060
3844 4168
3844 4358
3844 164
3844 4095
3844 1277
3844 1345
3844 2165
3844 1497
3844 2039
3844 2627
3844 3434
3844 4105
2249 849
2249 272
2249 2004
2249 1968
2249 4209
2249 5068
4643 3179
4643 829
4643 1061
4643 3390
4643 4679
4643 4634
4643 352
4643 5388
4643 1390
4643 1493
4509 1307
4509 1267
4509 1938
1193 362
1193 3972
1193 3570
1193 101
1193 3291
1193 3666
1193 4994
1193 490
1193 866
2151 5441
2151 849
2151 5184
5200 4767
5200 2391
5200 2438
5200 2293
5200 1849
5200 5255
5200 4003
5200 5110
5200 4160
5200 2606
5200 269
5200 2650
5200 1032
5200 1685
5200 557
5200 676
5200 2625
5200 2260
5200 273
5200 3269
5200 2327
5200 3630
5200 2801
5200 2017
5200 3133
5200 1238
5200 2954
5200 4032
5200 3740
5200 2179
5200 3702
5200 561
5200 94
5200 2203
5200 5471
5200 2616
5200 2897
5200 1144
5200 3336
5200 4702
5200 151
5200 3304
5200 1887
5200 3103
5200 1356
5200 2529
5200 4322
5200 2496
5200 1203
5200 1184
5200 1
5200 5261
5200 1728
5200 2443
5200 4912
5200 2475
5200 3855
5200 2296
5200 2466
5200 2609
5200 3303
5200 5202
5200 893
5200 1652
5200 4094
5200 4333
5200 552
5200 5194
5200 4364
5200 4306
5200 4049
5200 1905
5200 4749
5200 5236
5200 1619
5200 5169
5200 850
5200 2394
5200 224
5200 4500
5200 4381
5200 256
5200 3226
5200 2334
5200 5507
5200 2949
5200 1855
5200 2283
5200 2782
5200 1455
5200 2501
5200 3808
5200 4619
5200 2303
5200 674
5200 104
5200 3994
5200 2992
5200 3846
5200 3849
51 918
51 1901
51 4221
51 2639
51 3566
51 2348
5372 2206
5372 3717
5372 82
5372 5020
5372 27
5372 4751
5372 5502
5372 3251
5372 2913
5372 305
5372 848
5372 1175
5372 4559
5372 2226
5372 2977
5372 5170
5372 1284
5372 2985
5372 203
5372 4616
5372 1634
5372 2872
5372 2562
5372 5112
5372 556
5372 2584
5372 2120
5372 92
5372 246
5372 1934
5372 5452
5372 3373
5372 5050
5372 1199
5372 3818
5372 3571
5372 1577
5372 1553
5372 107
5372 1924
5372 1536
5372 1773
5372 3208
5372 4439
5372 5363
5372 2565
5372 379
5372 2793
5372 2888
5372 63
5372 24
5372 823
5372 204
5372 4611
5372 3013
5372 2838
5372 3386
5372 2618
5372 1405
5372 1103
5372 3485
5372 4527
5372 4396
5372 1348
5372 3760
5372 3594
5372 4088
5372 908
5372 3017
5372 3173
5372 383
5372 3757
5372 1368
5372 3011
5372 4695
5372 3648
5372 4698
5372 3338
5372 2018
5372 520
5372 1837
5372 1434
5372 3038
5372 1857
5372 126
5372 4858
5372 2740
5372 2196
5372 4033
5372 2655
5372 2901
5372 1225
5372 313
5372 2187
5372 1039
5372 750
5372 5175
5372 2821
5372 3317
5372 3785
812 4180
812 1340
812 5460
812 2478
812 1544
812 2769
812 112
812 1830
812 3282
812 282
812 3505
812 187
812 2799
812 4004
812 3410
812 941
812 124
4187 882
4187 1911
4187 1778
4187 3497
4187 3733
4187 3139
4187 1847
4187 4237
857 4280
4848 4621
4848 410
4848 1811
4848 830
4848 4599
4848 521
4848 3034
4848 709
4848 3194
4848 2761
4848 5001
4848 2730
4848 3895
4848 3528
4848 4913
4848 2290
4848 4166
4848 2188
4848 1509
4848 1163
4848 4617
4848 861
4848 4583
4848 947
4848 4776
4848 2173
4848 2316
4848 3771
4848 1605
4848 1806
4848 2635
4848 3138
4848 3726
4848 5349
4848 4763
4848 1748
4848 1545
4848 732
4848 371
4848 1132
4848 5485
4848 4107
4848 4825
4848 2186
4848 2770
4848 3058
4848 4362
4848 3100
4848 3237
4848 2243
4848 2143
4848 2381
4848 5158
4848 1820
4848 1701
4848 2097
4848 5415
4848 3875
4848 5108
4848 454
4848 1070
4848 3181
4848 2262
4848 2892
4848 575
4848 5506
4848 35
4848 2831
4848 3490
4848 649
4848 5082
4848 1271
4848 1564
4848 60
4848 4813
4848 1115
4848 3147
4848 3279
4848 3454
4848 5334
4848 4493
4848 4562
4848 2124
4848 2444
4848 1427
4848 1570
4848 5500
4848 4505
4848 3392
4848 2911
4848 3402
4848 810
4848 5364
4848 2204
4848 3433
4848 4265
4848 4703
4848 3548
4848 869
4848 388
3934 960
1139 673
1139 5437
1139 4008
1139 2115
1139 1765
1139 2540
1139 4948
1139 1022
1139 1476
1139 2814
1139 3209
1139 2779
1139 2823
1139 3776
1139 3792
1139 5421
1139 351
1139 756
1139 2238
1139 2280
1139 3642
1139 3671
1139 3862
1139 1551
1139 249
1139 2482
1139 1018
1139 2570
1139 2651
1139 1978
1139 864
1139 2634
1139 4019
5245 671
5245 1812
5245 5185
5245 144
5245 2021
5245 450
5245 376
5245 517
5245 2778
5245 2453
5245 2703
5245 3999
5245 2191
5245 2358
5245 4130
5245 4090
5245 440
5245 3725
5245 3144
5245 524
5245 4967
5245 4862
5245 942
5245 1616
5245 1295
5245 4259
5245 2566
5245 3396
5245 175
5245 2040
5245 2642
5245 4386
5245 3266
5245 2612
5245 984
5245 3444
5245 3928
5245 3856
5245 4401
5245 4607
5245 4557
5245 4441
5245 1513
5245 2613
5245 2240
5245 3904
5245 400
5245 4487
5245 160
5245 3783
5245 2643
5245 4277
5245 2845
5245 1133
5245 1050
5245 2557
5245 654
5245 4665
5245 1026
5245 5026
5245 2665
5245 3416
5245 46
5245 3556
5245 4125
5245 3218
5245 3057
5245 1269
5245 5374
5245 1596
5245 3637
5245 3232
5245 4478
5245 255
5245 2025
5245 395
5245 4121
5245 4139
5245 871
5245 2498
5245 1136
5245 2113
5245 4251
5245 2190
5245 2867
5245 130
5245 1839
5245 1074
5245 4550
1914 2878
1914 4196
1914 2245
1914 2183
1914 3544
1914 3062
1914 2988
1914 5130
1914 4006
1914 251
1914 1459
1914 2376
1914 4083
1914 3914
1914 1854
1914 5019
1914 2653
1914 3820
1914 211
1914 2776
1914 4239
1914 139
1914 5071
1914 3940
1914 91
1914 528
1914 3154
1914 3125
1914 375
1914 1500
1914 281
1914 689
1914 5091
1914 5246
1914 4983
1914 533
1914 4778
1914 5023
1914 2578
1914 169
1914 1989
1914 858
1914 4231
1914 3253
1914 3749
1914 3906
1914 1397
1914 4889
3465 1041
3465 5064
3465 1803
3465 2324
3465 1822
3465 380
3465 3097
3465 1311
3465 1378
3465 4786
3465 2524
3465 4228
4950 1591
4950 4484
4950 2441
4950 4603
4950 188
4950 5392
4950 3676
4950 4104
4950 3177
4950 5339
4950 268
4950 3747
4950 3090
4950 2315
4950 3860
4950 2181
4950 1130
4950 827
4950 2079
4950 4287
4950 555
4950 3484
4950 1230
4950 1686
4950 1662
4950 990
4950 500
4950 3491
4950 2278
4950 5489
4950 837
4950 2192
4950 5249
4950 5412
4950 1925
4950 644
4950 312
4950 1586
4950 5126
4950 4117
4950 3377
4950 2041
4950 1324
4950 2462
4950 3851
4950 3639
4950 2356
4950 901
4950 127
4950 5416
4950 4275
4950 4102
4950 687
4950 4328
4950 1395
4950 4250
4950 4194
4950 2762
4950 2974
4950 2907
4950 1178
4950 742
4950 2332
4950 4622
4950 483
4950 4031
4950 2745
4950 1180
4950 158
4950 330
4950 2367
4950 2043
4950 2001
4950 2093
4950 4987
4950 98
4950 3819
4950 2110
4950 4100
4950 3722
4950 4009
4950 4820
4950 4204
4950 3039
4950 2688
4950 2632
4950 3129
4950 1772
4950 1391
4950 3455
4950 4355
4950 1877
4950 1280
4950 3968
4950 2352
4950 3949
4950 3926
4950 1979
4950 5004
4950 2810
4061 2068
4061 3178
4061 1542
4061 2509
4061 2517
4061 2661
4061 1885
4061 1695
4061 2797
4061 2571
4061 247
4061 3596
4061 1349
4061 372
4061 366
4061 5393
4061 1717
4061 1677
4061 1057
4061 1366
4061 2404
4061 1964
4061 3721
4061 1226
4061 5211
4061 4580
4061 3300
4061 1205
4061 4923
4061 3231
4061 4748
4061 3975
4061 2074
4061 5468
4061 3136
4061 165
4061 4058
4061 430
4061 1431
4061 811
4061 3638
4061 315
4061 4911
4061 3032
4061 4968
4061 3850
4061 414
4061 2297
4061 3242
4061 2620
4061 3152
4061 2085
4061 2815
4061 2094
4061 4930
4061 1382
4061 23
4061 1208
4061 2067
4061 4636
4061 5043
4061 3788
4061 4714
1756 2926
1756 4661
1756 4991
1756 5284
1756 991
1756 3870
1756 2112
1756 1408
1756 1339
1756 1107
1756 213
1756 929
1756 4522
1756 5196
1756 4384
1756 2084
1756 177
1756 3633
1756 1805
1756 4836
1756 807
1756 3297
1756 1573
1756 320
1756 3293
1756 2019
1756 1665
1756 3467
1756 5350
1756 1759
1756 2694
1756 3061
1756 822
1756 1048
1756 5404
1756 4859
1756 3366
1756 5242
1756 3653
1756 2199
1756 3130
1756 2281
1756 3516
1756 2224
1756 664
1756 719
1756 1003
1756 2834
1756 4681
1756 5089
1756 5321
1756 3692
1756 5085
1756 2106
1756 660
1756 4253
1756 4405
1756 4537
1756 2724
1756 5298
1756 4669
1756 1314
1756 1742
1756 4835
1756 4759
1756 1196
1756 4586
1756 875
1756 4345
1756 3365
1756 399
1756 146
1756 3346
1756 815
1756 4526
1756 161
1756 499
1756 2373
1756 4626
1756 3107
1756 2476
1756 4764
1756 216
1756 79
1756 3353
1756 1779
1756 763
1756 3158
1756 3195
1756 2991
1756 5469
1756 1795
1756 428
1756 4699
1756 3150
1756 360
1756 2756
1756 10
1756 983
1756 5256
1281 4613
1281 5390
1281 4315
1281 4477
1281 726
1281 3667
1281 4413
1281 2152
1281 2318
1281 392
1281 3879
1281 2842
1281 2567
1281 4473
1281 1393
1281 2122
1281 4546
1281 4299
1281 3283
1281 759
1281 2538
1281 3987
2765 2229
2765 5040
2765 4410
2765 276
2765 1055
2765 4821
2765 2014
2765 1861
2765 708
2765 4971
2765 222
2765 4798
2765 3261
2765 565
2765 3755
2765 386
2765 402
2765 814
2765 1167
2765 119
2765 4307
2765 405
2765 1490
2765 1740
2765 3858
2765 2673
2765 1083
2765 739
2765 5476
2765 4452
2765 721
2765 480
2765 1454
2765 4207
2765 65
2765 3786
2765 4341
2765 2445
2765 3535
2765 118
2765 3710
2765 494
2765 4175
2765 287
2765 2847
2765 2301
2765 1844
2765 2648
2765 3247
2765 4881
2765 2201
2865 3083
2865 3027
2865 3418
2865 4909
2865 1192
2865 2197
2865 1650
2865 250
2865 4641
2865 4387
2865 2862
2865 5516
2865 3340
2865 2088
2865 1764
2865 4752
2865 700
2865 3623
2865 3953
2865 229
2865 4928
2865 64
2865 2108
2865 3430
2865 981
2865 4544
2865 1998
2865 1664
2865 2883
2865 1090
2865 4021
2865 1928
2865 2
2865 2379
2865 3915
2865 4082
2865 1432
2865 3831
2865 1643
2865 5191
2865 5319
2865 3517
2865 2178
2865 3280
2865 768
2865 2898
2865 3483
2865 2412
2865 5362
2865 3877
2865 4691
2865 5234
2865 1369
2865 3969
2865 4230
2865 969
2865 1416
2865 4875
2865 3288
2865 294
2865 4294
2865 1170
2865 230
2865 1373
2865 1291
2865 350
2865 3096
2865 4905
2865 2951
2865 2889
2865 4086
2865 4650
2865 1399
2865 1712
2865 2076
2865 2193
2865 4074
2865 1699
2865 2930
2865 774
2865 491
2865 3221
2865 4028
2865 57
2865 4062
2865 4900
2865 56
2865 2037
2865 4244
2865 1096
2865 825
2865 5003
2865 30
2865 5195
2865 3923
2865 4279
2865 2905
2865 4465
2865 2372
2865 2236
5107 707
431 4979
3131 231
3131 4518
3131 3267
3131 1558
3131 5366
3131 951
3131 4276
3131 5042
3131 784
3131 2973
3131 4302
3131 4398
3131 582
3131 1595
3131 2167
3131 3223
3131 4042
3131 702
3131 1472
3131 3140
3131 1111
3131 3518
3131 1335
3131 3451
3131 778
3131 603
3131 4454
3131 3233
3131 2879
3131 2459
3131 343
3131 571
3131 3632
3131 3567
3131 3106
3131 5197
3131 2239
3131 2131
3131 2232
3131 3320
3131 3775
3131 22
3131 1888
3131 5484
3131 4129
3131 4278
3131 3092
3131 3239
3131 865
3131 4716
3131 1169
3131 1380
3131 150
3131 90
3131 3007
3131 5376
3131 4781
3131 3585
3131 4495
3131 4854
3131 2307
3131 3035
3131 2693
3131 2590
3131 3767
3131 5289
3131 3015
3131 1755
3131 5315
3131 1819
3131 1580
3131 1262
3131 3891
3131 4918
3131 3102
3131 2549
3131 898
3131 106
3131 4241
3131 339
3131 4218
3131 472
3131 3222
3131 4712
3131 4260
3131 4817
3131 206
3131 323
3131 3473
3131 3873
3131 977
3131 3137
3131 3853
3131 4308
3131 3658
3131 2433
3131 4037
3131 1969
3131 617
3131 2374
1443 5306
1443 3289
1443 5313
1443 4706
1443 1458
1443 1155
1443 2614
1443 1108
1443 4682
1443 5458
1443 4179
1443 4069
1443 4684
1443 2880
2457 3345
2457 5129
2457 3355
2457 505
2457 45
2457 2016
2457 4091
2457 391
2457 3916
2457 3480
2457 2559
2457 3920
2457 1937
2457 879
2457 1729
2457 787
2457 2111
2457 3260
2200 801
2200 770
2200 2380
2200 4002
2200 5389
3724 1654
3724 3492
3724 5164
3724 692
3724 2101
3724 1153
3724 3893
3724 1204
3724 434
3724 3854
3724 4268
3724 4025
3724 2956
3724 2830
3724 2624
3724 3582
3724 2402
3724 4678
3724 1040
3724 4711
3724 4743
3724 5325
3724 4723
3724 4313
3724 5351
3724 4458
3724 5410
3724 3463
3724 2817
3724 4157
3724 336
3724 387
3724 2792
3724 192
3724 218
3724 1313
3724 4656
3724 1216
3724 1036
3724 2536
3724 2536
3724 1272
3724 1592
3724 3086
3724 4802
3724 5156
3724 4927
3724 1680
3724 572
3724 1410
3724 5333
3724 2535
3724 4980
3724 1948
3724 911
3724 3331
3724 415
3724 3459
3724 511
3724 4223
3724 4223
3724 3134
3724 4352
3724 3992
3724 4633
3724 989
3724 4756
3724 70
3724 3925
3724 4906
3724 602
3724 4321
3724 3591
3724 446
3724 3498
3724 1462
3724 3886
3724 3507
3724 109
3724 4902
3724 2553
3724 3745
3724 2329
3724 1433
3724 1137
3724 2732
3724 2569
3724 4944
3724 1539
3724 1809
3724 3240
3724 3330
3724 1524
3724 4172
3724 3946
3724 2063
3724 1543
3724 1859
3724 2580
3724 3716
1878 4254
1878 1549
1878 904
1878 2533
1715 3113
1715 489
3254 2302
3254 2983
3254 2937
3254 2472
3254 5378
3254 1292
